600 10 0.1821 0.2420 0.3354 0.4651 0.6169 0.1133
600 50 0.2625 0.3488 0.4834 0.6703 0.8858 0.1634
600 100 0.3897 0.5153 0.7178 0.9953 1.3153 0.2429
600 150 0.5663 0.7525 1.0430 1.4462 1.9180 0.3558
600 200 0.8556 1.1269 1.5645 2.1693 2.8871 0.5435
600 250 1.2567 1.6616 2.3145 3.2093 4.2712 0.8076
600 300 1.8262 2.4266 3.3633 4.6637 6.2067 1.1856
600 350 2.5579 3.3989 4.7109 6.5512 8.7073 1.6728
600 400 3.4614 4.5768 6.3750 8.8399 11.7646 2.2631
600 450 4.5304 5.9902 8.3438 11.5698 15.3978 3.0060
600 500 5.8539 7.7786 10.7812 15.0357 19.9582 3.9338
