600 10 0.1974 0.2594 0.3560 0.4851 0.6367 0.0990
600 50 0.2836 0.3725 0.5112 0.6967 0.9145 0.1427
600 100 0.4209 0.5529 0.7588 1.0340 1.3573 0.2124
600 150 0.6126 0.8048 1.1045 1.5051 1.9757 0.3103
600 200 0.9198 1.2082 1.6582 2.2663 2.9712 0.4733
600 250 1.3586 1.7846 2.4492 3.3474 4.3885 0.6991
600 300 1.9826 2.6043 3.5742 4.8707 6.4170 1.0244
600 350 2.7886 3.6494 4.9922 6.8428 9.0249 1.4458
600 400 3.7441 4.9183 6.7500 9.2522 12.1147 1.9579
600 450 4.9142 6.4553 8.8594 12.1436 15.9583 2.5953
600 500 6.3702 8.3679 11.4844 15.7417 20.7616 3.3927
