600 10 0.2177 0.2848 0.3896 0.5341 0.7044 0.2001
600 50 0.3120 0.4099 0.5625 0.7710 1.0169 0.2865
600 100 0.4566 0.5998 0.8232 1.1284 1.4883 0.4221
600 150 0.6808 0.8909 1.2188 1.6705 2.2112 0.6315
600 200 1.0075 1.3235 1.8164 2.4898 3.3074 0.9502
600 250 1.5016 1.9724 2.7070 3.7105 4.8938 1.4231
600 300 2.1929 2.8698 3.9258 5.3967 7.1597 2.0790
600 350 2.9981 3.9235 5.3672 7.3996 9.8042 2.8915
600 400 4.0562 5.3282 7.3125 10.0524 13.3363 3.9380
600 450 5.3562 7.0359 9.6562 13.2743 17.6108 5.2445
600 500 7.0333 9.2389 12.6797 17.4812 23.1618 6.9661
