600 10 0.8602 1.1268 1.5293 2.0779 2.7210 2.3940
600 50 1.1470 1.5024 2.0391 2.7787 3.6475 3.2809
600 100 1.6545 2.1673 2.9414 4.0083 5.2616 4.3169
600 150 2.3500 3.0899 4.2070 5.7330 7.5808 5.5321
600 200 3.0766 4.0453 5.5078 7.5496 9.9571 6.5030
600 250 4.1212 5.4394 7.4297 10.1839 13.5284 7.6906
600 300 5.0312 6.6090 9.0703 12.5050 16.5686 8.0485
600 350 6.2737 8.2725 11.3906 15.7040 20.9550 9.8096
600 400 8.1006 10.7749 14.8125 20.4216 27.2501 12.2623
600 450 9.2029 12.2411 16.8281 23.3347 31.1639 12.4410
600 500 11.2280 14.8621 20.5312 28.3059 38.0373 14.7321
