600 10      
600 50 0.7419 0.9602 1.3008 1.7778 2.3648 5.7328
600 100 1.3526 1.7522 2.3555 3.2286 4.2890 8.9270
600 150 2.0317 2.6417 3.5625 4.8547 6.4661 13.5555
600 200 2.9204 3.7833 5.0859 6.9713 9.3271 16.9698
600 250 4.2907 5.5788 7.5234 10.3124 13.7973 23.1422
600 300 5.7477 7.4393 10.0781 13.8944 18.6713 27.5891
600 350 7.0173 9.1834 12.5625 17.4197 23.5891 26.9608
600 400 8.4051 10.9995 15.0469 20.9846 28.4352 29.1554
600 450      
600 500 12.4442 16.4089 22.5938 31.5097 42.9877 30.3963
