600 10 0.2057 0.2713 0.3735 0.5180 0.6893 0.1757
600 50 0.2969 0.3915 0.5391 0.7475 0.9948 0.2513
600 100 0.4310 0.5705 0.7881 1.0928 1.4544 0.3703
600 150 0.6377 0.8441 1.1660 1.6169 2.1518 0.5540
600 200 0.9517 1.2597 1.7402 2.4131 3.2115 0.8316
600 250 1.4200 1.8724 2.5781 3.5955 4.7726 1.2426
600 300 2.0508 2.7145 3.7500 5.2149 6.9553 1.8076
600 350 2.8070 3.7155 5.1328 7.1583 9.5678 2.5059
600 400 3.8340 5.0554 6.9609 9.7079 12.9756 3.4074
600 450 5.0603 6.6725 9.1875 12.8131 17.1260 4.5177
600 500 6.6138 8.7544 12.0938 16.8180 22.5089 5.9854
