600 10 0.6939 0.9149 1.2598 1.7569 2.3969 1.1515
600 50 0.9972 1.3149 1.8105 2.5322 3.4498 1.6762
600 100 1.5016 1.9724 2.7070 3.7753 5.1157 2.4614
600 150 2.1429 2.8256 3.8906 5.4414 7.4132 3.6365
600 200 3.2143 4.2179 5.8359 8.1389 11.1037 5.5855
600 250 4.6783 6.2228 8.5547 11.9987 16.3236 8.3158
600 300 6.7419 8.9240 12.3281 17.2422 23.4899 12.2849
600 350 9.4336 12.4869 17.2500 24.1259 32.8680 17.3440
600 400 12.7661 16.8980 23.3438 32.6487 44.4790 23.4345
600 450 16.5601 21.9199 30.2812 42.4722 57.7811 31.1241
600 500 21.3281 28.2312 39.0000 54.7010 74.4178 40.9780
