med dm twosigdown onesigdown exp onesigup twosigup observed
10 1 .1338000 .1786000 .2483000 .3502000 .4751000 .3106000
10 10 30.3131000 40.4159000 56.4375000 79.6086000 108.0022000 71.7848000
10 50 1012.1528000 1354.8232000 1898.2500000 2692.7332000 3667.1277000 2465.0086000
10 150      37568.1287000
10 500      580122.0623000
10 1000      533682.7195000
15 10 9.0385000 12.0813000 16.8281000 23.7371000 32.2033000 21.3784000
20 1 .1341000 .1789000 .2498000 .3503000 .4766000 .3083000
50 1 .1223000 .1631000 .2278000 .3213000 .4388000 .2879000
50 10 .1207000 .1615000 .2263000 .3192000 .4331000 .2851000
50 50 34.0917000 45.6336000 63.9375000 90.1878000 123.1690000 82.1888000
95 50 1.8568000 2.4756000 3.4570000 4.8764000 6.6596000 4.4739000
100 1 .1113000 .1482000 .2087000 .2944000 .4021000 .2710000
100 10 .1318000 .1757000 .2454000 .3461000 .4695000 .3140000
200 1 .1255000 .1673000 .2336000 .3296000 .4471000 .2921000
200 50 .1161000 .1547000 .2161000 .3048000 .4162000 .2705000
200 150 18.5771000 24.9161000 34.9688000 49.8832000 68.6269000 45.4017000
295 150 .7967000 1.0664000 1.4941000 2.1314000 2.9134000 1.9304000
300 1 .1255000 .1673000 .2336000 .3314000 .4543000 .3023000
300 50 .1207000 .1615000 .2263000 .3192000 .4360000 .2839000
500 1 .1543000 .2065000 .2893000 .4104000 .5626000 .3722000
500 150 .1835000 .2451000 .3442000 .4883000 .6694000 .4419000
500 500 432.0623000 587.0587000 841.1250000 1226.6924000 1741.4327000 1172.0084000
995 500 1.8883000 2.5584000 3.6211000 5.2521000 7.3443000 4.9252000
1000 1 .1992000 .2666000 .3735000 .5314000 .7321000 .4663000
1000 150 .2039000 .2726000 .3853000 .5465000 .7491000 .4865000
1000 1000      21821.9976000
1995 1000 13.8330000 18.7954000 26.9297000 39.2741000 55.7542000 37.5539000
2000 1 .6230000 .8419000 1.2129000 1.7689000 2.4961000 1.6860000
2000 500 .9068000 1.2270000 1.7520000 2.5411000 3.5751000 2.3963000
10000 1      558741.6600000
10000 10      571890.6651000
10000 50      564430.6820000
10000 150      574996.4793000
10000 500      635477.1605000
10000 1000      584189.6479000
