150 300 1.9936 2.6742 3.8086 5.4937 7.6577 4.5647
150 400 0.5639 0.7721 1.1191 1.6411 2.3225 1.3363
150 500 0.4851 0.6516 0.9199 1.3159 1.8194 1.0832
150 600 0.2208 0.2978 0.4219 0.6052 0.8434 0.5020
150 1000 0.6226 0.8396 1.1895 1.7252 2.4124 1.3718
150 1200 1.6901 2.3171 3.3281 4.8670 6.8575 3.7964
150 1600 8.2070 11.1125 15.7969 22.9121 32.0392 18.8426
150 300 1.9936 2.6742 3.8086 5.4937 7.6577 4.5647
150 400 0.5639 0.7721 1.1191 1.6411 2.3225 1.3363
150 500 0.4851 0.6516 0.9199 1.3159 1.8194 1.0832
150 600 0.2208 0.2978 0.4219 0.6052 0.8434 0.5020
150 1000 0.6226 0.8396 1.1895 1.7252 2.4124 1.3718
150 1200 1.6901 2.3171 3.3281 4.8670 6.8575 3.7964
150 1600 8.2070 11.1125 15.7969 22.9121 32.0392 18.8426
150 300 1.4955 2.0086 2.8359 4.0681 5.6163 3.1840
150 400 0.4517 0.6141 0.8760 1.2705 1.7767 0.9492
150 500 0.2996 0.4008 0.5640 0.8045 1.1103 0.5782
150 600 0.2139 0.2885 0.4087 0.5879 0.8156 0.4622
150 1000 0.1955 0.2637 0.3735 0.5388 0.7510 0.4911
150 1200 0.6655 0.8975 1.2715 1.8341 2.5565 1.6686
150 1600 5.7660 7.7756 11.0156 15.8017 22.0918 14.2400
150 300 8.0724 10.8859 15.4219 22.2453 31.1040 20.3719
150 400 6.2812 8.4705 12.0000 17.3094 24.1276 14.9327
150 500 5.0180 6.7398 9.5156 13.6500 18.8447 11.3406
150 600 0.8497 1.1413 1.6113 2.3178 3.2155 1.6720
150 1000 0.2293 0.3092 0.4380 0.6353 0.8883 0.5696
150 1200 0.8036 1.0882 1.5469 2.2375 3.1334 2.0077
150 1600 7.7686 10.5189 14.9531 21.6884 30.5137 19.1986
150 300 8.0724 10.8859 15.4219 22.2453 31.1040 20.3719
150 400 6.2812 8.4705 12.0000 17.3094 24.1276 14.9327
150 500 5.0180 6.7398 9.5156 13.6500 18.8447 11.3406
150 600 0.8497 1.1413 1.6113 2.3178 3.2155 1.6720
150 1000 0.2293 0.3092 0.4380 0.6353 0.8883 0.5696
150 1200 0.8036 1.0882 1.5469 2.2375 3.1334 2.0077
150 1600 7.7686 10.5189 14.9531 21.6884 30.5137 19.1986
150 300      
150 300      
150 400      
150 500      
150 600      
150 1000      
150 1200      
150 1600      
150 300      
150 400      
150 500      
150 600      
150 1000      
150 1200      
150 1600      
150 300 8.0724 10.8859 15.4219 22.2453 31.1040 20.3719
150 400 6.2812 8.4705 12.0000 17.3094 24.1276 14.9327
150 500 5.0180 6.7398 9.5156 13.6500 18.8447 11.3406
150 600 0.8497 1.1413 1.6113 2.3178 3.2155 1.6720
150 1000 0.2293 0.3092 0.4380 0.6353 0.8883 0.5696
150 1200 0.8036 1.0882 1.5469 2.2375 3.1334 2.0077
150 1600 7.7686 10.5189 14.9531 21.6884 30.5137 19.1986
150 300 8.0724 10.8859 15.4219 22.2453 31.1040 20.3719
150 400 6.2812 8.4705 12.0000 17.3094 24.1276 14.9327
150 500 5.0180 6.7398 9.5156 13.6500 18.8447 11.3406
150 600 0.8497 1.1413 1.6113 2.3178 3.2155 1.6720
150 1000 0.2293 0.3092 0.4380 0.6353 0.8883 0.5696
150 1200 0.8036 1.0882 1.5469 2.2375 3.1334 2.0077
150 1600 7.7686 10.5189 14.9531 21.6884 30.5137 19.1986
150 300      
150 400      
150 500      
150 600      
150 1000      
150 1200      
150 1600      
150 300 6.8210 9.1984 13.0312 18.6931 26.0523 24.0965
150 400 3.6955 4.9635 7.0078 10.0246 13.8598 14.0287
150 500 2.5337 3.4031 4.8047 6.8539 9.4293 9.5863
150 600 0.4685 0.6267 0.8818 1.2615 1.7441 1.6465
150 1000 0.1986 0.2678 0.3794 0.5473 0.7628 0.6871
150 1200 0.6971 0.9439 1.3418 1.9301 2.6944 2.4176
150 1600 6.6984 8.9853 12.7969 18.4589 25.7298 23.1003
150 300 8.0724 10.8859 15.4219 22.2453 31.1040 20.3719
150 400 6.2812 8.4705 12.0000 17.3094 24.1276 14.9327
150 500 5.0180 6.7398 9.5156 13.6500 18.8447 11.3406
150 600 0.8497 1.1413 1.6113 2.3178 3.2155 1.6720
150 1000 0.2293 0.3092 0.4380 0.6353 0.8883 0.5696
150 1200 0.8036 1.0882 1.5469 2.2375 3.1334 2.0077
150 1600 7.7686 10.5189 14.9531 21.6884 30.5137 19.1986
150 300 6.8210 9.1984 13.0312 18.6931 26.0523 24.0965
150 400 3.6955 4.9635 7.0078 10.0246 13.8598 14.0287
150 500 2.5337 3.4031 4.8047 6.8539 9.4293 9.5863
150 600 0.4685 0.6267 0.8818 1.2615 1.7441 1.6465
150 1000 0.1986 0.2678 0.3794 0.5473 0.7628 0.6871
150 1200 0.6971 0.9439 1.3418 1.9301 2.6944 2.4176
150 1600 6.6984 8.9853 12.7969 18.4589 25.7298 23.1003
150 300 6.9928 9.4300 13.3594 19.2702 26.7774 22.6701
150 400 3.9427 5.2955 7.4766 10.7250 14.8065 13.4254
150 500 2.7315 3.6687 5.1797 7.3889 10.1979 9.2268
150 600 0.4990 0.6702 0.9463 1.3537 1.8715 1.5608
150 1000 0.2032 0.2740 0.3882 0.5599 0.7829 0.6451
150 1200 0.7177 0.9627 1.3711 1.9777 2.7568 2.2660
150 1600 6.8701 9.2157 13.1250 18.9322 26.3896 21.6556
150 300 6.9928 9.4300 13.3594 19.2702 26.7774 22.6701
150 400 3.9427 5.2955 7.4766 10.7250 14.8065 13.4254
150 500 2.7315 3.6687 5.1797 7.3889 10.1979 9.2268
150 600 0.4990 0.6702 0.9463 1.3537 1.8715 1.5608
150 1000 0.2032 0.2740 0.3882 0.5599 0.7829 0.6451
150 1200 0.7177 0.9627 1.3711 1.9777 2.7568 2.2660
150 1600 6.8701 9.2157 13.1250 18.9322 26.3896 21.6556
150 1000 0.2032 0.2740 0.3882 0.5599 0.7829 0.6451
150 1000 0.2293 0.3092 0.4380 0.6353 0.8883 0.5696
150 1000 0.2063 0.2781 0.3940 0.5684 0.7947 0.6567
150 1000      
150 1000      
150 1000      
150 1000      
150 1000 0.5740 0.6519 0.7734 0.9615 1.2005 1.0559
150 1000 0.5740 0.6519 0.7734 0.9615 1.2005 1.0559
150 1000      
150 1000      
150 1000 0.5155 0.5785 0.6768 0.8224 1.0010 1.1332
150 1000 1.2625 1.3230 1.4238 1.5771 1.7545 1.7633
150 1000 1.2625 1.3230 1.4238 1.5771 1.7545 1.7633
150 1000 0.2953 0.3555 0.4526 0.5952 0.7691 1.0014
150 1000 0.2953 0.3555 0.4526 0.5952 0.7691 1.0014
150 1000 0.1699 0.2283 0.3223 0.4597 0.6284 0.9553
150 1000 0.1699 0.2283 0.3223 0.4597 0.6284 0.9553
150 1000 0.1676 0.2251 0.3179 0.4509 0.6181 0.8583
150 1000 0.1692 0.2284 0.3208 0.4576 0.6255 0.9384
150 1000      
150 1000 0.1692 0.2284 0.3208 0.4576 0.6255 0.9384
150 1000      
150 1000      
150 1000 2.3380 2.4594 2.6367 2.9415 3.3084 3.0519
150 1000      
150 1000      
150 1000      
150 1000      
150 1000      
150 1000      
150 1000 0.2335 0.3123 0.4395 0.6269 0.8680 0.5521
150 1000      
150 1000      
150 1000 0.2335 0.3123 0.4395 0.6286 0.8691 0.5521
150 1000 0.2335 0.3123 0.4395 0.6286 0.8691 0.5521
150 1000 0.2217 0.2978 0.4204 0.6031 0.8431 0.5477
150 1000 0.2093 0.2823 0.3999 0.5768 0.8041 0.5488
150 1000      
150 1000      
150 1000      
150 1000      153.0117
150 1000      
150 1000      
150 1000      
150 1000 0.8023 0.8125 0.8350 0.8782 0.9463 153.0117
150 1000 0.4716 0.6430 0.9287 1.3766 1.9816 1.0239
150 1000      
150 1000 0.4638 0.6205 0.8730 1.2489 1.7377 1.6012
150 1000 3.4868 3.7657 4.2305 4.9387 5.9139 4.2639
150 1000 3.0123 3.3051 3.7617 4.4215 5.3123 3.7748
150 1000 0.4557 0.6188 0.8906 1.3131 1.8799 0.9310
150 1000 0.4557 0.6188 0.8906 1.3131 1.8799 0.9310
150 1000 3.3070 3.6128 4.0898 4.7908 5.7316 4.1095
150 1000 0.3973 0.5424 0.7764 1.1446 1.6340 0.8070
150 1000 0.3973 0.5394 0.7764 1.1446 1.6340 0.8083
150 1000 0.3973 0.5394 0.7764 1.1446 1.6340 0.8083
150 1000 0.3973 0.5394 0.7764 1.1446 1.6340 0.8083
150 1000 0.3973 0.5394 0.7764 1.1446 1.6340 0.8083
150 1000 0.3973 0.5424 0.7764 1.1446 1.6340 0.8070
150 1000 0.3973 0.5424 0.7764 1.1446 1.6340 0.8070
150 1000 0.3973 0.5394 0.7764 1.1446 1.6340 0.8083
150 1000 0.3973 0.5394 0.7764 1.1446 1.6340 0.8083
150 1000 0.4557 0.6188 0.8906 1.3131 1.8799 0.9310
150 1000      
150 1000 0.3973 0.5394 0.7764 1.1446 1.6340 0.8083
150 1000 0.4109 0.5525 0.7734 1.1033 1.5276 1.2392
150 1000 0.3984 0.5330 0.7500 1.0699 1.4861 1.1192
150 1000 0.3984 0.5330 0.7500 1.0699 1.4861 1.1192
150 1000 0.3984 0.5330 0.7500 1.0699 1.4861 1.1192
150 1000      
150 1000      
150 1000 0.3984 0.5330 0.7500 1.0699 1.4861 1.1192
150 1000      
150 1000 0.3984 0.5330 0.7500 1.0699 1.4861 1.1192
150 1000 0.3984 0.5330 0.7500 1.0699 1.4861 1.1192
150 1000 0.3984 0.5330 0.7500 1.0699 1.4861 1.1192
150 1000 0.3984 0.5330 0.7500 1.0699 1.4861 1.1192
150 1000 0.3984 0.5330 0.7500 1.0699 1.4861 1.1192
150 1000 0.3984 0.5330 0.7500 1.0699 1.4861 1.1192
150 1000 0.3984 0.5330 0.7500 1.0699 1.4861 1.1192
150 1000 0.3984 0.5330 0.7500 1.0699 1.4861 0.7771
150 1000      
150 1000 0.4062 0.5434 0.7646 1.0908 1.5103 1.0872
150 1000 0.3984 0.5330 0.7500 1.0699 1.4813 1.0266
150 300 19.3242 25.8515 36.3750 52.3242 73.4987 42.1861
150 400 5.6799 7.4895 10.3125 14.3820 19.4883 12.6176
150 500 3.1240 4.1192 5.6719 7.9101 10.7186 8.2312
150 600 1.1213 1.4659 2.0215 2.8031 3.7828 2.7708
150 1000 0.4106 0.5450 0.7617 1.0805 1.4957 1.0826
150 1200 0.5735 0.7734 1.0957 1.5849 2.2332 1.5527
150 1600 2.0544 2.7932 3.9844 5.8108 8.2984 5.4948
